#Node ID, x , y
0, 99.005, 129.567
1, 121.165, 9.327
2, 13.979, 49.641
3, 145.055, 49.897
4, 67.551, 87.894
5, 96.681, 123.013
6, 150.582, 122.750
7, 22.222, 13.193
8, 58.879, 0.592
9, 104.055, 94.019
10, 59.050, 150.709
11, 39.939, 150.717
12, 148.131, 145.560
13, 38.126, 20.071
14, 10.125, 117.594
15, 23.735, 69.731
16, 133.578, 5.456
17, 89.838, 12.100
18, 60.919, 140.150
19, 100.952, 6.550
20, 89.013, 56.936
21, 40.007, 49.909
22, 116.841, 74.183
23, 55.851, 25.840
24, 149.809, 78.977
25, 105.492, 107.374
26, 52.559, 70.333
27, 97.755, 91.169
28, 36.585, 112.111
29, 96.981, 11.899
30, 77.121, 130.519
31, 99.595, 18.632
32, 123.709, 125.145
33, 82.621, 24.953
34, 118.345, 2.739
35, 137.697, 59.812
36, 150.942, 0.894
37, 24.255, 106.165
38, 113.836, 97.083
39, 25.359, 46.669
40, 54.442, 138.194
41, 101.784, 42.748
42, 9.570, 131.025
43, 125.849, 104.355
44, 119.215, 64.842
45, 118.658, 130.177
46, 23.299, 5.922
47, 71.346, 9.449
48, 16.618, 69.133
49, 107.766, 71.448
50, 141.371, 17.497
51, 25.880, 35.316
52, 52.929, 77.088
53, 87.428, 143.912
54, 84.693, 85.865
55, 18.758, 37.098
56, 137.804, 122.480
57, 149.287, 110.863
58, 30.054, 3.395
59, 74.673, 28.680
60, 92.122, 149.326
61, 35.368, 105.039
62, 113.418, 142.140
63, 99.167, 147.948
64, 16.380, 76.356
65, 138.084, 97.800
66, 44.957, 140.102
67, 107.584, 131.298
68, 36.156, 70.666
69, 112.437, 126.380
70, 130.824, 149.794
71, 106.079, 53.984
72, 11.029, 81.116
73, 112.152, 65.615
74, 105.519, 22.406
75, 19.979, 25.490
76, 52.776, 127.680
77, 125.588, 77.519
78, 73.378, 22.188
79, 55.475, 18.860
80, 148.442, 67.663
81, 142.193, 109.578
82, 35.801, 13.187
83, 130.481, 59.168
84, 83.191, 92.754
85, 87.650, 3.252
86, 65.052, 51.178
87, 101.076, 117.793
88, 43.730, 111.363
89, 125.150, 111.444
90, 74.878, 140.507
91, 38.149, 137.771
92, 29.887, 59.363
93, 15.033, 30.887
94, 52.388, 35.526
95, 120.087, 100.182
96, 112.762, 119.186
97, 75.484, 77.524
98, 10.820, 103.743
99, 123.553, 89.571
100, 29.280, 81.155
101, 5.551, 41.444
102, 137.808, 74.114
103, 136.947, 67.012
104, 107.422, 100.449
105, 11.076, 88.093
106, 102.281, 28.482
107, 140.506, 7.309
108, 37.611, 124.754
109, 113.252, 84.270
110, 41.757, 67.202
111, 81.612, 73.785
112, 17.434, 18.718
113, 147.009, 35.899
114, 63.382, 93.594
115, 57.388, 101.700
116, 113.122, 42.225
117, 18.157, 141.902
118, 73.986, 2.774
119, 123.458, 70.588
120, 108.784, 78.621
121, 101.741, 79.455
122, 73.963, 35.043
123, 57.830, 59.912
124, 125.610, 47.620
125, 21.835, 133.072
126, 131.687, 23.462
127, 81.014, 136.445
128, 137.972, 83.871
129, 65.347, 13.537
130, 144.816, 139.279
131, 124.626, 141.725
132, 65.210, 69.294
133, 127.691, 17.451
134, 89.965, 80.751
135, 100.116, 140.698
136, 88.252, 136.314
137, 83.998, 120.730
138, 43.621, 41.155
139, 95.441, 135.099
140, 125.198, 54.252
141, 110.444, 90.926
142, 52.193, 150.703
143, 98.318, 107.494
144, 105.646, 150.776
145, 71.107, 134.482
146, 38.942, 84.165
147, 25.763, 53.724
148, 87.323, 129.164
149, 10.232, 17.753
150, 143.160, 79.000
151, 42.562, 119.952
152, 26.811, 28.090
153, 80.938, 145.320
154, 12.574, 124.442
155, 137.771, 139.241
156, 30.989, 116.308
157, 132.579, 79.063
158, 17.102, 114.479
159, 127.591, 29.404
160, 17.107, 107.255
161, 43.631, 24.429
162, 94.229, 68.878
163, 123.677, 148.882
164, 112.598, 149.321
165, 49.192, 28.518
166, 93.980, 51.541
167, 130.565, 115.948
168, 145.236, 42.845
169, 30.144, 41.133
170, 85.302, 98.963
171, 48.431, 133.653
172, 30.214, 66.519
173, 131.798, 142.711
174, 40.020, 0.545
175, 77.846, 84.222
176, 118.855, 57.610
177, 137.761, 115.275
178, 58.202, 53.129
179, 29.270, 101.150
180, 64.228, 81.678
181, 80.952, 5.116
182, 107.193, 138.468
183, 46.125, 147.210
184, 129.376, 92.662
185, 19.040, 121.519
186, 31.797, 141.118
187, 18.241, 1.809
188, 6.256, 59.490
189, 56.283, 94.732
190, 50.394, 114.100
191, 0.906, 7.914
192, 52.567, 88.516
193, 56.261, 40.773
194, 96.326, 84.257
195, 36.855, 43.688
196, 28.957, 14.887
197, 145.882, 11.925
198, 55.540, 6.034
199, 94.382, 61.645
200, 24.649, 113.079
201, 107.775, 46.978
202, 99.305, 56.424
203, 44.702, 34.207
204, 82.776, 12.022
205, 64.361, 100.419
206, 18.621, 44.229
207, 111.783, 58.461
208, 95.306, 113.475
209, 77.401, 123.320
210, 0.155, 123.470
211, 128.302, 10.359
212, 17.275, 90.514
213, 23.421, 77.005
214, 5.247, 99.383
215, 32.627, 87.549
216, 101.142, 35.403
217, 63.906, 133.658
218, 67.016, 33.074
219, 7.504, 52.529
220, 142.309, 30.563
221, 24.763, 139.559
222, 90.904, 118.985
223, 80.564, 46.811
224, 89.270, 27.164
225, 64.577, 146.475
226, 150.405, 104.086
227, 82.820, 53.712
228, 87.082, 34.700
229, 6.730, 11.547
230, 58.130, 12.561
231, 46.453, 47.687
232, 114.299, 28.896
233, 144.111, 125.969
234, 30.832, 122.774
235, 123.263, 34.925
236, 131.152, 99.567
237, 130.660, 123.207
238, 42.218, 104.618
239, 5.419, 92.222
240, 119.760, 119.205
241, 63.397, 39.411
242, 18.714, 54.970
243, 24.561, 126.174
244, 57.117, 82.785
245, 74.941, 42.188
246, 15.065, 135.688
247, 60.062, 127.592
248, 5.892, 108.835
249, 135.904, 13.659
250, 41.135, 131.152
251, 119.210, 80.679
252, 150.239, 61.309
253, 0.072, 103.493
254, 100.699, 72.205
255, 3.105, 115.956
256, 29.400, 93.962
257, 11.846, 63.925
258, 143.592, 102.510
259, 86.539, 42.609
260, 45.619, 86.586
261, 129.784, 66.271
262, 76.505, 90.709
263, 33.327, 148.193
264, 5.774, 23.350
265, 52.263, 0.588
266, 49.658, 121.053
267, 36.689, 6.174
268, 53.661, 47.638
269, 120.445, 16.366
270, 66.168, 20.806
271, 70.878, 120.609
272, 94.188, 44.192
273, 76.898, 12.996
274, 2.438, 129.654
275, 107.433, 114.221
276, 96.155, 24.901
277, 94.082, 36.930
278, 136.260, 90.815
279, 80.559, 31.811
280, 3.067, 35.351
281, 62.820, 27.148
282, 58.656, 66.896
283, 68.154, 44.880
284, 79.453, 18.479
285, 116.224, 35.826
286, 116.304, 22.190
287, 88.726, 73.604
288, 68.379, 75.733
289, 35.683, 77.881
290, 118.775, 137.350
291, 71.822, 147.017
292, 33.631, 25.714
293, 39.054, 30.113
294, 54.491, 108.323
295, 147.043, 132.426
296, 144.432, 56.918
297, 138.908, 24.195
298, 64.320, 122.121
299, 7.815, 29.972
