0 10 11 1 
2 12 13 3 
4 14 15 5 
5 15 16 6 
7 17 18 8 
8 18 19 9 
10 20 21 11 
12 22 23 13 
24 34 35 25 
25 35 36 26 
27 37 38 28 
40 50 51 41 
43 53 54 44 
44 54 55 45 
46 56 57 47 
48 58 59 49 
50 60 61 51 
56 66 67 57 
58 68 69 59 
62 72 73 63 
63 73 74 64 
70 79 89 80 
78 88 89 79 
85 95 96 86 
2  3  93 92 
96 95 94  4  5  6 
97  7  8  9 99 98 
14 24 25 26 16 15 
17 27 28 29 19 18 
32 31 30 40 41 42 
67 68 58 48 47 57 
72 82 83 84 74 73 
75 85 86 87 77 76 
81 91 92 93 83 82 
97 98 88 78 77 87 
98 99 90 80 89 88
38 39 30 31 21 20 29 28 
 0 10 20 29 19  9 99 90
32 42 52 53 43 33 23 22 
69 60 50 40 30 39 49 59 
64 63 62 52 53 54 55 65 
65 75 76 66 56 46 45 55 
64 74 84 94 95 85 75 65 
 0  1 91 81 71 70 80 90
32 31 21 11  1 91 92  2 12 22
71 81 82 72 62 52 42 41 51 61 
33 34 24 14  4 94 84 83 93  3 13 23 
96  6 16 26 36 37 27 17  7 97 87 86
66 76 77 78 79 70 71 61 60 69 68 67  
33 43 44 45 46 47 48 49 39 38 37 36 35 34 
